count : 32
((1, ()), (2, ()), (3, ()), (4, ()), (5, ()), (6, ()), ('cursor', (1, 0)), ('flip', ()))
count : 31
((1, ()), (2, ()), (3, ()), (4, ()), (5, ()), (6, ((1, 0),)), ('cursor', (1, 0)), ('flip', (6, 3, 2)))
count : 30
((1, ()), (2, ()), (3, ()), (4, ()), (5, ()), (6, ((1, 0),)), ('cursor', (3, 0)), ('flip', (6, 3, 2)))
count : 29
((1, ()), (2, ()), (3, ()), (4, ()), (5, ()), (6, ((1, 0),)), ('cursor', (3, 2)), ('flip', (6, 3, 2)))
count : 28
((1, ()), (2, ()), (3, ()), (4, ()), (5, ()), (6, ((1, 0), (3, 2))), ('cursor', (3, 2)), ('flip', ()))
count : 27
((1, ()), (2, ()), (3, ()), (4, ()), (5, ()), (6, ((1, 0), (3, 2))), ('cursor', (3, 3)), ('flip', ()))
count : 26
((1, ()), (2, ()), (3, ()), (4, ((3, 3),)), (5, ()), (6, ((1, 0), (3, 2))), ('cursor', (3, 3)), ('flip', (4, 1, 1)))
count : 25
((1, ()), (2, ()), (3, ()), (4, ((3, 3),)), (5, ()), (6, ((1, 0), (3, 2))), ('cursor', (1, 3)), ('flip', (4, 1, 1)))
count : 24
((1, ()), (2, ()), (3, ()), (4, ((3, 3),)), (5, ()), (6, ((1, 0), (3, 2))), ('cursor', (1, 1)), ('flip', (4, 1, 1)))
count : 23
((1, ()), (2, ()), (3, ()), (4, ((1, 1), (3, 3))), (5, ()), (6, ((1, 0), (3, 2))), ('cursor', (1, 1)), ('flip', ()))
count : 22
((1, ()), (2, ()), (3, ()), (4, ((1, 1), (3, 3))), (5, ()), (6, ((1, 0), (3, 2))), ('cursor', (0, 1)), ('flip', ()))
count : 21
((1, ()), (2, ()), (3, ()), (4, ((1, 1), (3, 3))), (5, ((0, 1),)), (6, ((1, 0), (3, 2))), ('cursor', (0, 1)), ('flip', (5, 2, 3)))
count : 20
((1, ()), (2, ()), (3, ()), (4, ((1, 1), (3, 3))), (5, ((0, 1),)), (6, ((1, 0), (3, 2))), ('cursor', (0, 3)), ('flip', (5, 2, 3)))
count : 19
((1, ()), (2, ()), (3, ()), (4, ((1, 1), (3, 3))), (5, ((0, 1),)), (6, ((1, 0), (3, 2))), ('cursor', (2, 3)), ('flip', (5, 2, 3)))
count : 18
((1, ()), (2, ()), (3, ()), (4, ((1, 1), (3, 3))), (5, ((0, 1), (2, 3))), (6, ((1, 0), (3, 2))), ('cursor', (2, 3)), ('flip', ()))
count : 17
((1, ()), (2, ()), (3, ()), (4, ((1, 1), (3, 3))), (5, ((0, 1), (2, 3))), (6, ((1, 0), (3, 2))), ('cursor', (0, 3)), ('flip', ()))
count : 16
((1, ()), (2, ((0, 3),)), (3, ()), (4, ((1, 1), (3, 3))), (5, ((0, 1), (2, 3))), (6, ((1, 0), (3, 2))), ('cursor', (0, 3)), ('flip', (2, 2, 1)))
count : 15
((1, ()), (2, ((0, 3),)), (3, ()), (4, ((1, 1), (3, 3))), (5, ((0, 1), (2, 3))), (6, ((1, 0), (3, 2))), ('cursor', (2, 3)), ('flip', (2, 2, 1)))
count : 14
((1, ()), (2, ((0, 3),)), (3, ()), (4, ((1, 1), (3, 3))), (5, ((0, 1), (2, 3))), (6, ((1, 0), (3, 2))), ('cursor', (2, 1)), ('flip', (2, 2, 1)))
count : 13
((1, ()), (2, ((0, 3), (2, 1))), (3, ()), (4, ((1, 1), (3, 3))), (5, ((0, 1), (2, 3))), (6, ((1, 0), (3, 2))), ('cursor', (2, 1)), ('flip', ()))
count : 12
((1, ()), (2, ((0, 3), (2, 1))), (3, ()), (4, ((1, 1), (3, 3))), (5, ((0, 1), (2, 3))), (6, ((1, 0), (3, 2))), ('cursor', (3, 1)), ('flip', ()))
count : 11
((1, ()), (2, ((0, 3), (2, 1))), (3, ()), (4, ((1, 1), (3, 3))), (5, ((0, 1), (2, 3))), (6, ((1, 0), (3, 2))), ('cursor', (3, 0)), ('flip', ()))
count : 10
((1, ()), (2, ((0, 3), (2, 1))), (3, ((3, 0),)), (4, ((1, 1), (3, 3))), (5, ((0, 1), (2, 3))), (6, ((1, 0), (3, 2))), ('cursor', (3, 0)), ('flip', (3, 1, 2)))
count : 9
((1, ()), (2, ((0, 3), (2, 1))), (3, ((3, 0),)), (4, ((1, 1), (3, 3))), (5, ((0, 1), (2, 3))), (6, ((1, 0), (3, 2))), ('cursor', (3, 2)), ('flip', (3, 1, 2)))
count : 8
((1, ()), (2, ((0, 3), (2, 1))), (3, ((3, 0),)), (4, ((1, 1), (3, 3))), (5, ((0, 1), (2, 3))), (6, ((1, 0), (3, 2))), ('cursor', (1, 2)), ('flip', (3, 1, 2)))
count : 7
((1, ()), (2, ((0, 3), (2, 1))), (3, ((1, 2), (3, 0))), (4, ((1, 1), (3, 3))), (5, ((0, 1), (2, 3))), (6, ((1, 0), (3, 2))), ('cursor', (1, 2)), ('flip', ()))
count : 6
((1, ()), (2, ((0, 3), (2, 1))), (3, ((1, 2), (3, 0))), (4, ((1, 1), (3, 3))), (5, ((0, 1), (2, 3))), (6, ((1, 0), (3, 2))), ('cursor', (2, 2)), ('flip', ()))
count : 5
((1, ((2, 2),)), (2, ((0, 3), (2, 1))), (3, ((1, 2), (3, 0))), (4, ((1, 1), (3, 3))), (5, ((0, 1), (2, 3))), (6, ((1, 0), (3, 2))), ('cursor', (2, 2)), ('flip', (1, 0, 0)))
count : 4
((1, ((2, 2),)), (2, ((0, 3), (2, 1))), (3, ((1, 2), (3, 0))), (4, ((1, 1), (3, 3))), (5, ((0, 1), (2, 3))), (6, ((1, 0), (3, 2))), ('cursor', (1, 2)), ('flip', (1, 0, 0)))
count : 3
((1, ((2, 2),)), (2, ((0, 3), (2, 1))), (3, ((1, 2), (3, 0))), (4, ((1, 1), (3, 3))), (5, ((0, 1), (2, 3))), (6, ((1, 0), (3, 2))), ('cursor', (1, 1)), ('flip', (1, 0, 0)))
count : 2
((1, ((2, 2),)), (2, ((0, 3), (2, 1))), (3, ((1, 2), (3, 0))), (4, ((1, 1), (3, 3))), (5, ((0, 1), (2, 3))), (6, ((1, 0), (3, 2))), ('cursor', (0, 1)), ('flip', (1, 0, 0)))
count : 1
((1, ((2, 2),)), (2, ((0, 3), (2, 1))), (3, ((1, 2), (3, 0))), (4, ((1, 1), (3, 3))), (5, ((0, 1), (2, 3))), (6, ((1, 0), (3, 2))), ('cursor', (0, 0)), ('flip', (1, 0, 0)))
count : 0
((1, ((0, 0), (2, 2))), (2, ((0, 3), (2, 1))), (3, ((1, 2), (3, 0))), (4, ((1, 1), (3, 3))), (5, ((0, 1), (2, 3))), (6, ((1, 0), (3, 2))), ('cursor', (0, 0)), ('flip', ()))